100
39042
45909
41709
7792
23691
25972
9757
14437
24136
99546
88048
2445
2872
3664
99562
59669
17991
71015
1863
76236
80378
42306
9791
8364
45645
82923
68521
5282
4042
61546
8572
40547
99679
26851
1676
69379
2457
1561
70988
59642
18087
4311
8744
2743
2677
83191
77377
8678
92665
6973
2984
27456
90313
53992
22044
3697
7486
78722
58523
71002
6618
5323
2346
64123
1054
13576
60963
1193
2014
2046
70951
5504
7583
2615
6441
7557
9988
90519
28031
8476
1423
45444
19532
44615
6409
40466
19704
3077
88053
8862
7559
87218
8171
43378
9909
3483
31527
38105
18677
56403
