24093
90954
90714
2977
19632
27952
7579
73441
63142
64599
84088
5442
2782
4663
26599
96695
19971
51017
3681
63267
87308
60324
1979
4638
54654
32928
12586
2825
2404
64516
2758
74504
97699
15862
6761
97396
7542
1651
88907
24695
78081
1134
4478
3472
7762
19138
77377
8768
56629
3796
4892
65472
31309
29935
44022
7963
6847
22787
32585
20017
8166
3235
6432
32146
4501
67531
36906
3911
4102
6402
15907
4055
3857
5162
1446
7557
8899
91509
13082
6748
3241
44454
23591
51644
9046
66404
40791
7703
35088
2688
9557
81278
1718
87334
9099
3843
72513
50183
77681
30465
