1
8811901
0
0
0
0
0
0
2
8827016
0
0
0
0
0
0
غایب
3
8831025
12
10
3
5
0
30
4
8913008
0
0
0
0
0
0
غایب
5
8927023
12
10
4
9
7
42
6
8928056
12
12
0
0
0
24
7
9012026
4
12
0
4
6
26
8
9028027
0
2
0
9
0
11
9
9032021
12
12
0
6
0
30
10
9111026
4
2
0
0
0
6
11
9112056
12
6
3
15
1
37
12
9113002
9
2
3
0
6
20
13
9113037
1
6
3
3
0
13
14
9113901
12
12
7
1
0
32
15
9122047
12
2
0
1
2
17
16
9125034
4
12
6
13
6
41
17
9126069
10
3
6
2
1
22
18
9126554
12
12
3
15
3
45
19
9127009
4
4
7
2
2
19
20
9128046
4
0
3
1
2
10
21
9128050
2
2
2
1
3
10
22
9131085
12
11
5
2
3
33
23
9132053
12
11
0
3
11
37
24
9132066
12
9
0
7
5
33
25
9132902
0
0
0
0
0
0
غایب
26
9134006
12
4
0
11
0
27
27
9134553
6
4
0
7
0
17
28
9212901
4
0
0
0
0
4
29
9222004
12
12
3
4
0
31
30
9222005
4
12
3
2
0
21
31
9222006
12
12
3
12
11
50
32
9222007
12
12
9
17
10
60
33
9222008
12
12
8
17
12
61
34
9222013
8
10
9
15
10
52
35
9222014
12
12
8
13
12
57
36
9222015
12
12
9
15
7
55
37
9222016
12
12
17
17
12
70
38
9222017
12
11.5
11
17
9
60.5
39
9222018
12
12
17
2
7
50
40
9222019
6
12
8
12
9
47
41
9222020
12
11.5
7
8
9
47.5
42
9222021
3
4
7
13
7
34
43
9222024
3
12
8
5
10
38
44
9222025
9
11
6
3
7.5
36.5
45
9222029
12
12
10
14
10
58
46
9222030
12
11
10
15
0
48
47
9222032
12
12
6
17
12
59
48
9222034
12
12
10
17
9
60
49
9222036
12
12
8
12
12
56
50
9222040
12
4
8
9
0
33
51
9222041
6
12
0
5
10
33
52
9222042
12
12
9
17
10
60
53
9222043
12
4
8
17
12
53
54
9222044
12
12
9
17
10
60
55
9222046
11
12
3
9
9
44
56
9222048
0
1
10
4
3
18
57
9222052
12
11.5
8
17
10
58.5
58
9222055
10
12
17
16
8
63
59
9224550
2
0
0
0
0
2
60
9225004
2
12
3
1
6
24
61
9225902
2
9
9
9
3
32
62
9227004
10
4
9
11
10
44
63
9227006
10
9
15
17
10
61
64
9227007
2
1
0
0
0
3
65
9227009
6
6
3
15
1
31
66
9227026
12
10
0
7
10
39
67
9227034
12
12
10
15
10
59
68
9227044
0
1
0
0
0
1
69
9228041
12
1
10
11
10
44
70
9228110
6
10
10
17
9
52
71
9229005
12
12
10
17
12
63
72
9231084
12
11
3
4
0
30
73
9231904
12
6
6
2
10
36
74
9232004
11
12
8
2
0
33
75
9232010
12
12
8
7
10
49
76
9232012
4
11.5
10
7
6
38.5
77
9232013
12
12
4
9
9
46
78
9232021
4
2
3
5
0
14
79
9232028
12
12
5
17
12
58
80
9232032
12
12
5
16
12
57
81
9232036
12
8
3
8
11
42
82
9232038
6
7
10
12
10
45
83
9232039
12
12
10
17
4
55
84
9232046
12
12
2
13
8
47
85
9232049
10
12
9
8
12
51
86
9232052
12
12
7
15
0
46
87
9232055
12
12
7
17
10
58
88
9232056
12
12
9
16
7
56
89
9232063
12
4
8
17
9
50
90
9232072
11
12
8
17
10
58
91
9232075
12
6
9
9
9
45
92
9232801
12
10
9
12
10
53
93
9234015
12
8
10
15
6
51
94
9234027
12
12
9
9
0
42
95
9234032
10
12
0
7
2
31
96
8912010
0
0
0
0
0
0
غایب
97
9013017
12
12
6
2
2
34
98
9112014
4
6
4
0
0
14
99
9112020
4
6
8
9
2
29
100
9112051
12
12
7
6
10
47
101
9113029
4
11
0
7
1
23
102
9123045
4
12
2
16
0
34
103
9127019
0
0
0
0
0
0
غایب
104
9127024
10
11
5
5
2
33
105
9127028
4
12
7
9
2
34
106
9127046
12
3
3
4
9
31
107
9128021
10
2
0
1
0
13
108
9128070
12
12
2
10
10
46
109
9128080
12
11
4
2
0
29
110
9128090
10
4
4
7
2
27
111
9128091
4
6
4
5
9
28
112
9128096
12
6
0
5
9
32
113
9128098
1
0
2
1
2
6
114
9128099
4
10
2
1
0
17
115
9128113
2
11.5
7
5
6
31.5
116
9131905
1
11
0
0
8
20
117
9134004
12
12
0
3
10
37
118
9134010
6
4
2
10
7
29
119
9222011
12
11
3
15
10
51
120
9222022
10
1
11
10
12
44
121
9222023
12
11
3
12
6
44
122
9222028
12
11
5
10
9
47
123
9222037
8
12
5
0
9
34
124
9222047
12
12
2
3
10
39
125
9225001
10
3
11
10
12
46
126
9225009
12
12
10
15
11
60
127
9225041
12
6
2
3
12
35
128
9226093
12
5
7
1
6
31
129
9227037
6
11.5
6
17
6
46.5
130
9227056
6
12
2
4
2
26
131
9227085
6
4
2
5
2
19
132
9227089
4
11.5
0
5
2
22.5
133
9227119
12
6
17
9
6
50
134
9228007
12
11.5
3
0
2
28.5
135
9228018
6
0
0
5
2
13
136
9228042
12
12
3
15
10
52
137
9228046
12
11.5
3
14
6
46.5
138
9228050
4
4
7
10
10
35
139
9228055
12
12
9
15
6
54
140
9228059
12
4.5
3
5
10
34.5
141
9228070
12
11.5
2
6
10
41.5
142
9228074
6
11.5
4
10
10
41.5
143
9228078
12
4
3
3
2
24
144
9229001
11
11.5
10
16
9
57.5
145
9229006
10
6
14
15
10
55
146
9229020
2
2
0
2
2
8
147
9229030
12
5
0
1
5
23
148
9229032
6
12
4
7
7
36
149
9229052
11
4
8
11
10
44
150
9231015
12
4
3
5
0
24
151
9231031
12
11
3
2
2
30
152
9231520
1
4
5
7
0
17
153
9231902
11.5
4
5
7
10
37.5
154
9232007
12
12
17
16
12
69
155
9232014
10
6
5
15
6
42
156
9232019
12
4
8
16
12
52
157
9232020
12
12
3
10
2
39
158
9232022
12
8
6
12
2
40
159
9232023
12
12
5
7
10
46
160
9232025
10
10
3
13
8
44
161
9232026
10
12
9
17
10
58
162
9232027
12
4
12
7
2
37
163
9232030
12
12
0
12
12
48
164
9232037
12
12
8
13
9
54
165
9232040
12
12
8
9
5
46
166
9232041
4
4
3
7
2
20
167
9232043
10
7
0
13
8
38
168
9232048
11
12
5
10
0
38
169
9232050
6
11.5
10
5
6
38.5
170
9232058
12
11.5
10
13
6
52.5
171
9232062
11.5
12
10
16
12
61.5
172
9232070
12
12
7
11
10
52
173
9232076
6
12
10
13
6
47
174
9232603
12
7
10
6
6
41
175
9234012
12
10
7
10
10
49
176
9234019
12
5
10
15
12
54
177
9323519
0
0
0
0
0
0
غایب
178
9331511
7
6
7
9
2
31
179
9332501
9
4
2
16.5
3
34.5
180
8828901
0
0
0
0
0
0
غایب
181
8911011
11.5
11.5
8
15
10
56
182
8933072
0
0
0
0
0
0
غایب
183
9012007
4
7
4
8
7
30
184
9012020
6
12
4
0
0
22
185
9031001
1
2
5
6
0
14
186
9112034
7
4
7
16
2
36
187
9128022
12
2
7
8.5
6
35.5
188
9128029
12
12
10
9.5
10
53.5
189
9132026
3
12
0
11
2
28
190
9212025
12
4
5
6
2
29
191
9212026
2
11.5
9
10.5
6
39
192
9213035
12
12
6
15
0
45
193
9224018
11.5
12
10
10
2
45.5
194
9224023
12
6
3
17
12
50
195
9224030
12
12
8
15
10
57
196
9224033
12
4
9
15.75
2
42.75
197
9224041
12
12
4
12.5
12
52.5
198
9225006
4
6
4
6
2
22
199
9225020
6
11
7
7.5
0
31.5
200
9225026
12
11.5
4
15
8
50.5
201
9225027
5
12
8
14.5
2
41.5
202
9225047
12
8
6
4.5
9
39.5
203
9226023
6
11
10
10
2
39
204
9227001
0
6
5
8
2
21
205
9227014
12
11.5
9
15
12
59.5
206
9227048
12
12
10
11
2
47
207
9227071
7
5
0
8.5
6
26.5
208
9227096
11
12
0
9
10
42
209
9227101
12
6
0
0
2
20
210
9227106
12
12
3
17
8
52
211
9227115
10
12
0
5
6
33
212
9228009
12
12
4
14
2
44
213
9228040
10
11
6
5
2
34
214
9228044
12
4
6
9.5
2
33.5
215
9228073
10
6
7
8.5
5
36.5
216
9228077
12
2
6
8
10
38
217
9228106
12
9
8
16
12
57
218
9231001
12
12
8
17
2
51
219
9231005
0
0
0
0
0
0
غایب
220
9231008
2
2
3
4
0
11
221
9231010
6
11
5
10
6
38
222
9231024
9
12
0
8
0
29
223
9231026
6
12
5
9
10
42
224
9231028
12
12
10
16.5
8
58.5
225
9231045
10
11
3
5
6
35
226
9231051
12
9
12
15
11
59
227
9231071
9
12
10
10
10
51
228
9231081
12
12
10
15
12
61
229
9231082
12
11.5
8
12
0
43.5
230
9231083
12
6
8
6
10
42
231
9231908
12
11.5
8
15
12
58.5
232
9232003
10
4
8
14
7
43
233
9232005
12
5.5
3
17
0
37.5
234
9232024
10
8
9
7
12
46
235
9232042
4
4
0
8
3
19
236
9232045
12
4
8
6.5
2
32.5
237
9232054
12
12
5
10
12
51
238
9232059
12
7
9
9.5
10
47.5
239
9232060
10
12
12
17
10
61
240
9232066
12
4
8
13
9
46
241
9232069
10
5
8
11.5
10
44.5
242
9232073
6
12
17
10
7
52
243
9333503
6
12
5
4
2
29
244
8730011
0
0
0
0
0
0
غایب
245
8912047
8
8
7
10
0
33
246
8913020
10
4
0
7
2
23
247
8928026
11
8
3
8
7
37
248
9024030
8
12
2
4.5
1
27.5
249
9031060
12
12
6
11
6
47
250
9031064
10
6
0
0
0
16
251
9112006
12
12
8
3
9
44
252
9112015
12
6
3
5
1
27
253
9112061
2
3
7.5
9
1
22.5
254
9112063
0
0
12.5
9
0
21.5
255
9123044
12
3
10
6.5
4
35.5
256
9123554
12
12
13
6.5
8
51.5
257
9124067
1
0
0
4.5
8
13.5
258
9125064
2
12
10
4
6
34
259
9127094
1
2
0
0
0
3
260
9128017
12
4
13
7
11
47
261
9128104
2
8
5
6.5
3
24.5
262
9132020
0
6
0
0
0
6
263
9133094
12
11.5
13
12
9
57.5
264
9224004
12
12
17
14
11
66
265
9224007
8
12
13
14
11
58
266
9224010
12
12
13
17
12
66
267
9224014
12
12
11
17
12
64
268
9224019
12
12
13
4.5
7
48.5
269
9224020
12
12
13
6.5
11
54.5
270
9224026
12
12
12
10
0
46
271
9224027
12
12
8
2
11
45
272
9224034
12
0
13
7.5
0
32.5
273
9224035
9
1
8.5
5.5
11
35
274
9224042
12
0
12.5
10
12
46.5
275
9224044
1
2
4.5
6
0
13.5
276
9224045
12
11
17
17
12
69
277
9224046
12
12
10.5
11
9
54.5
278
9224047
12
11
12.5
17
8
60.5
279
9224048
8
0
5
0
7
20
280
9224057
12
12
7
17
0
48
281
9224513
10
2
3.5
9
1
25.5
282
9224515
12
11.5
15
8.5
11
58
283
9224801
12
12
13
10
11
58
284
9224901
0
12
2
2.5
2
18.5
285
9224904
1
11.25
5.5
2
7
26.75
286
9224906
12
11.5
8
14
12
57.5
287
9225008
12
12
17
15
12
68
288
9225010
10
11.5
13
11
11
56.5
289
9225014
12
12
5
5
0
34
290
9225015
11
0
12
6
9
38
291
9225018
12
9
13
3.5
2
39.5
292
9225031
12
4
9.5
8
11
44.5
293
9225039
12
5.5
10
8.5
11
47
294
9225042
10
12
6.5
10
9
47.5
295
9225053
5
12
12
6.5
8
43.5
296
9225054
12
12
10
14
0
48
297
9226054
5
12
5
6.5
10
38.5
298
9226508
12
12
5
8
2
39
299
9227003
9
12
0
4
11
36
300
9227045
9
12
15
12
11.5
59.5
301
9227099
12
4
0
0
0
16
302
9227108
2
12
0
0
0
14
303
9227111
12
4
0
0
3
19
304
9227112
11
12
0
0
0
23
305
9228020
12
4
10
15.5
11
52.5
306
9228030
12
6
7
1.5
1.5
28
307
9228032
1
0
0
0
2
3
308
9228117
0
4
8
4.5
8
24.5
309
9231006
6
6
12
5
9
38
310
9231012
12
12
14
17
9
64
311
9231013
12
12
13
17
11
65
312
9231016
10
2
13
9
8
42
313
9231062
12
12
0
16
11
51
314
9231066
12
12
5
6.5
9
44.5
315
9231802
12
12
11
17
10.5
62.5
316
9232015
12
12
16
9
7
56
317
9232016
12
12
13.5
11
9
57.5
318
9232018
2
6.5
12.5
6
8
35
319
9232051
12
6
12
17
1
48
320
9232064
12
12
11
17
11
63
321
9232071
12
12
13
11
5
53
322
9232074
12
6
11
15.5
11
55.5
323
9327505
2
6
0
0
0
8
324
8727033
0
0
0
0
0
0
غایب
325
8825026
0
0
0
0
0
0
غایب
326
8827028
10
6
12.5
2.5
0
31
327
8828032
0
0
0
0
0
0
غایب
328
8912002
2
10
10
6.5
0
28.5
329
8913006
8
12
3
3
0
26
330
8924051
0
4
0
0
0
4
331
8927001
0
6
5
1
1
13
332
8927029
1
3.5
0
0
0
4.5
333
8927030
4
0
0
3
1
8
334
8927050
0
4
10
1.5
3
18.5
335
8928090
12
11
10
9
1
43
336
8932026
12
12
2.5
5
2
33.5
337
9012003
2
6
8.5
5
6
27.5
338
9013012
5
6
13.5
10
3
37.5
339
9023552
1
10
0
6
5
22
340
9031079
6
6
5
9
0
26
341
9112027
5
6
12
7.5
3.5
34
342
9113015
1
12
10
17
3.5
43.5
343
9113021
12
12
7
10
3.5
44.5
344
9125006
4
0
0
0
0
4
345
9125013
5
4
12
8
2.5
31.5
346
9125016
11
12
12
1
0
36
347
9125041
2
11.5
2
6
8.5
30
348
9125901
2
4
13
15
5.25
39.25
349
9127004
10
4
5
1
4.5
24.5
350
9127012
1
1
12.5
1
1.5
17
351
9127016
12
12
9
1
2.5
36.5
352
9127025
0
0
0
0
0
0
غایب
353
9127033
5
4
3
2.5
2
16.5
354
9127043
1
3.25
0
2.5
2
8.75
355
9127048
4
4
5.5
2.5
3.5
19.5
356
9127051
2
0
0
2
2.5
6.5
357
9127056
0
0
0
0
0
0
صفر
358
9127058
1
0
0
0
2.5
3.5
359
9127067
0
0
10
1
2
13
360
9127071
0
0
0
0
0
0
صفر
361
9127108
12
0
5
0
9.25
26.25
362
9127114
12
4
9
4
3.5
32.5
363
9128005
11
12
12
5
9
49
364
9128048
0
0
0
0
3
3
365
9128068
12
4
0
17
0
33
366
9128076
12
12
5
1
1.5
31.5
367
9128078
8
12
10
1
3.5
34.5
368
9128116
9
4
3
0
9
25
369
9129550
1
0
0
0
0
1
370
9131070
0
0
0
0
0
0
غایب
371
9133017
1
12
17
16
4.5
50.5
372
9222038
12
10
17
17
12
68
373
9222049
12
12
7
13
5
49
374
9222902
12
12
12
11
10.5
57.5
375
9224003
12
12
10
10
9.5
53.5
376
9224011
12
12
17
17
12
70
377
9224028
12
12
12
17
7.5
60.5
378
9224036
12
12
8
16
6.5
54.5
379
9224043
4
12
13
1
12
42
380
9224056
12
12
15
16
7
62
381
9224514
4
12
17
1
7
41
382
9224525
11
6
12
5
3
37
383
9224802
12
12
10
8
12
54
384
9225011
12
4
13
16
10
55
385
9225022
12
6
17
17
3.5
55.5
386
9225044
12
12
2
1
8.5
35.5
387
9226096
8
12
13
15
6.5
54.5
388
9227011
12
12
13
12.5
6.5
56
389
9227021
12
12
14.5
7.5
10.5
56.5
390
9227054
4
4
5
16
7
36
391
9227117
12
6
10
1
4
33
392
9228039
12
0
13
17
12
54
393
9229550
11
7
11
13
4.5
46.5
394
9231003
8
12
13
17
2.5
52.5
395
9231007
2
4
2.5
0
3.5
12
396
9231009
12
0
13
11
4.5
40.5
397
9231022
12
12
13
1
10
48
398
9231023
4
12
6
12
3
37
399
9231040
2
12
0
1
4
19
400
9231042
12
5
10
7
4.5
38.5
401
9231043
9
12
14.5
14
2
51.5
402
9231054
2
4
13
0
1
20
403
9231064
9
4
17
8
3
41
404
9231075
12
12
17
16
3
60
405
9231076
10
12
13
16
10.5
61.5
406
9231517
10
4
5
16
1.5
36.5
407
9231519
0
0
0
0
0
0
صفر
408
9231901
9
12
13.5
5
9
48.5
409
9322504
12
10
12.5
7.5
9
51
410
9323553
12
2
0
1
0
15
411
9324507
8
4
9
7
4.75
32.75
412
8813901
0
0
0
0
0
0
غایب
413
9024043
12
5
0
0
0
17
414
9027074
0
10
0
0
1
11
415
9123701
12
12
17
1
9.75
51.75
416
9127084
9
0
1
1
2
13
417
9128008
12
0
0
0
2.5
14.5
418
9128112
9
12
0
0
1
22
419
9132005
10
2
0
1
1.5
14.5
420
9212002
0
4
0
1
5
10
421
9212016
2
5
0
3
9.5
19.5
422
9212044
8
12
0
5
2
27
423
9212045
12
12
2
6
0
32
424
9212049
0
12
5
1
0
18
425
9213013
12
0
2
0
0
14
426
9223092
11
12
8
2
5
38
427
9224002
0
4
16
1
2.5
23.5
428
9224009
8
5
13
3
7
36
429
9224025
12
11.5
15
1
7
46.5
430
9224031
8
4
17
8
12
49
431
9224038
10
4
17
8.5
9.5
49
432
9224040
2
12
15
17
12
58
433
9224051
12
12
14
17
12
67
434
9224059
11
12
14
16
11
64
435
9224903
11
6
0
0
9
26
436
9225012
1
12
0
0
3.5
16.5
437
9225028
6
12
15
8
3
44
438
9225035
8
8
13
17
10
56
439
9226103
12
12
15
17
12
68
440
9227013
11
4
0
8
0
23
441
9227068
12
12
17
17
5
63
442
9227075
1
12
12.5
3
5
33.5
443
9227079
11
0
5
1
10
27
444
9227090
12
8
16
6
10
52
445
9228022
10
12
0
0
1
23
446
9228025
0
12
15
11
3
41
447
9228026
4
4
15.5
5
7
35.5
448
9228038
10
12
5
2
12
41
449
9228076
10
2
13
7.5
11
43.5
450
9231014
1
12
17
17
10
57
451
9231032
0
12
17
17
3
49
452
9231052
12
11
0
8
2
33
453
9231521
11
12
13
10
10
56
454
9232006
0
3.5
17
6
10
36.5
455
9232034
11
10
7
1
1
30
456
9232053
0
12
12.5
13
1
38.5
457
9232601
8
4
12.5
2
7
33.5
458
9232602
12
12
17
2
6
49
459
9234554
10
2
5
7.5
0
24.5
460
8734016
6
0
0
1
0
7
461
8927058
12
0
0
5
9
26
462
8931021
1
0
0
0
2
3
463
9029009
0
0
0
0
0
0
غایب
464
9122054
12
8
17
7.5
3
47.5
465
9128039
0
4
0
5
3
12
466
9133001
0
4
5
11
2
22
467
9212027
0
0
0
0
0
0
صفر
468
9212033
0
2
2
5
305
9
469
9222001
12
4
2
1
11
30
470
9222003
12
12
7
17
12
60
471
9222012
12
12
7
10
10
51
472
9222033
12
12
17
17
9
67
473
9222035
9
4
15
15
0
43
474
9222039
12
11.75
9
17
12
61.75
475
9222045
4
4
10
2
2
22
476
9222053
12
12
15
17
11
67
477
9222054
10
11.75
17
17
5
60.75
478
9224001
1
12
14
17
12
56
479
9224053
11
4
3
2
1
21
480
9224058
12
0
11
0
3
26
481
9225043
8
4
0
1
9
22
482
9225045
12
8
3.5
0
3
26.5
483
9225048
12
4
14
1
10.5
41.5
484
9225050
12
4
14
1.5
10
41.5
485
9226082
8
12
11
17
12
60
486
9226092
12
12
12
15
10
61
487
9226100
10
12
17
2
11
52
488
9227080
12
12
2
1
1
28
489
9227087
12
14
13
15
10
64
490
9227088
12
2
13
8
10
45
491
9227105
0
12
13
17
5
47
492
9228031
1
0
5
1
0
7
493
9228071
2
4
13
7.5
7
33.5
494
9228104
12
12
3.5
2
12
41.5
495
9228107
11
12
13
2
0
38
496
9231002
10
3
5
3
11
32
497
9231011
11
6
0
1
1
19
498
9231021
9
6
13
2
0
30
499
9231025
0
0
10
6.5
0
16.5
500
9231027
12
12
10
10
12
56
501
9231029
12
8
6
8.5
11
45.5
502
9231035
12
12
14
11
2
51
503
9231036
10
4
12
1
6
33
504
9231037
12
10
13
11
11
57
505
9231047
12
12
2
10
9
45
506
9231055
10
12
10
10
2
44
507
9231056
12
4
12
0
9
37
508
9231058
12
12
17
12
12
65
509
9231059
10
12
4.5
1
0
27.5
510
9231067
11
12
13
2
9
47
511
9231070
0
4
4
2
6
16
512
9231073
10
4
0
1
1
16
513
9231077
11
12
14
15
11
63
514
9231801
10
12
10
1
1
34
515
9231803
2
2
0
5
0
9
516
9232029
12
12
17
17
9
67
517
9232031
12
12
13
17
11
65
518
9232033
12
12
0
15
9
48
519
9234551
9
4
15.5
10
11
49.5
520
9234558
0
4
0
5
2
11